# name: debug
# type: sparse matrix
# nnz: 792
# rows: 48
# columns: 48

1 1 2088220.11
2 1 -4285.22858
3 1 40181.767
4 1 -0.576098756
5 1 -3683.61855
6 1 -240.556543
7 1 -7309.47332
8 1 116.211883
9 1 -454.541715
10 1 0.0491710648
11 1 3.46639949
12 1 0.0950212665
1 2 -4285.22858
2 2 2121506.75
3 2 23589.789
4 2 3688.04126
5 2 0.576964809
6 2 1042.48785
7 2 -48.3630191
8 2 -7410.59206
9 2 -199.161725
10 2 -3.50306758
11 2 0.0287836337
12 2 -0.219045399
1 3 40181.767
2 3 23589.789
3 3 47388.2931
4 3 239.919987
5 3 -1039.88929
6 3 -0.000866053194
7 3 -949.706889
8 3 -210.48052
9 3 -73.4582077
10 3 -0.100150507
11 3 0.450238364
12 3 0.00564725412
1 4 -0.576098756
2 4 3688.04126
3 4 239.919987
4 4 99.3214219
5 4 -0.648212651
6 4 14.3246943
7 4 -1.32606433
8 4 -127.177808
9 4 -3.44730941
10 4 -0.060129598
11 4 0.000727504169
12 4 -0.00373344635
1 5 -3683.61855
2 5 0.576964809
3 5 -1039.88929
4 5 -0.648212651
5 5 107.099185
6 5 3.51009469
7 5 129.736433
8 5 -1.57698183
9 5 8.07697761
10 5 -0.000645001167
11 5 -0.0615346205
12 5 -0.00166595282
1 6 -240.556543
2 6 1042.48785
3 6 -0.000866053194
4 6 14.3246943
5 6 3.51009469
6 6 13.0543314
7 6 3.60040159
8 6 -15.7588116
9 6 -0.190992844
10 6 -0.00743659725
11 6 -0.00169162987
12 6 -0.000570157524
1 7 -7309.47332
2 7 -48.3630191
3 7 -949.706889
4 7 -1.32606433
5 7 129.736433
6 7 3.60040159
7 7 303867.548
8 7 -1064.89475
9 7 20533.4703
10 7 -0.231360803
11 7 -931.92884
12 7 3.75573943
13 7 -398.270535
14 7 124.694107
15 7 10.6315175
16 7 0.0168748436
17 7 0.0540448308
18 7 -0.00172278237
1 8 116.211883
2 8 -7410.59206
3 8 -210.48052
4 8 -127.177808
5 8 -1.57698183
6 8 -15.7588116
7 8 -1064.89475
8 8 306475.898
9 8 7574.41731
10 8 932.406036
11 8 0.231362844
12 8 160.873195
13 8 -125.207466
14 8 -400.882048
15 8 12.7801691
16 8 -0.0543878623
17 8 0.0170332355
18 8 0.00145154916
1 9 -454.541715
2 9 -199.161725
3 9 -73.4582077
4 9 -3.44730941
5 9 8.07697761
6 9 -0.190992844
7 9 20533.4703
8 9 7574.41731
9 9 2358.19868
10 9 -3.77415826
11 9 -160.819294
12 9 -2.03936205e-06
13 9 -46.5762023
14 9 24.5284977
15 9 1.01263836
16 9 0.00332251297
17 9 0.00631879891
18 9 -0.000246521159
1 10 0.0491710648
2 10 -3.50306758
3 10 -0.100150507
4 10 -0.060129598
5 10 -0.000645001167
6 10 -0.00743659725
7 10 -0.231360803
8 10 932.406036
9 10 -3.77415826
10 10 52.0791981
11 10 -0.397754943
12 10 8.77685615
13 10 -8.31608527
14 10 -26.6126547
15 10 0.848617007
16 10 -0.00361056756
17 10 0.00113132659
18 10 9.64113338e-05
1 11 3.46639949
2 11 0.0287836337
3 11 0.450238364
4 11 0.000727504169
5 11 -0.0615346205
6 11 -0.00169162987
7 11 -931.92884
8 11 0.231362844
9 11 -160.819294
10 11 -0.397754943
11 11 54.8208368
12 11 -0.715213691
13 11 27.0831378
14 11 -8.47424389
15 11 -0.723212194
16 11 -0.00114681971
17 11 -0.00367515959
18 11 0.000117135199
1 12 0.0950212665
2 12 -0.219045399
3 12 0.00564725412
4 12 -0.00373344635
5 12 -0.00166595282
6 12 -0.000570157524
7 12 3.75573943
8 12 160.873195
9 12 -2.03936205e-06
10 12 8.77685615
11 12 -0.715213691
12 12 5.66243188
13 12 -1.6092094
14 12 -2.93694181
15 12 0.116767849
16 12 -0.00039849997
17 12 0.000218695633
18 12 8.48136978e-06
7 13 -398.270535
8 13 -125.207466
9 13 -46.5762023
10 13 -8.31608527
11 13 27.0831378
12 13 -1.6092094
13 13 387052.993
14 13 -554.403523
15 13 -13098.4526
16 13 -0.0377181284
17 13 -141.214168
18 13 -1.0705648
19 13 8.86576911
20 13 8.49431435
21 13 -1.90739682
22 13 0.000319521864
23 13 -0.000360545076
24 13 -0.000120465077
7 14 124.694107
8 14 -400.882048
9 14 24.5284977
10 14 -26.6126547
11 14 -8.47424389
12 14 -2.93694181
13 14 -554.403523
14 14 387574.197
15 14 -8261.67556
16 14 141.249283
17 14 0.0377182356
18 14 -17.6555976
19 14 -7.40153846
20 14 8.80537317
21 14 2.82568063
22 14 0.000345487707
23 14 0.000314666424
24 14 -7.55974161e-05
7 15 10.6315175
8 15 12.7801691
9 15 1.01263836
10 15 0.848617007
11 15 -0.723212194
12 15 0.116767849
13 15 -13098.4526
14 15 -8261.67556
15 15 661.608731
16 15 1.07232843
17 15 17.652572
18 15 -1.14151752e-07
19 15 -2.12562533
20 15 -0.8474488
21 15 0.549487215
22 15 -3.08104188e-05
23 15 8.74653125e-05
24 15 1.57044439e-05
7 16 0.0168748436
8 16 -0.0543878623
9 16 0.00332251297
10 16 -0.00361056756
11 16 -0.00114681971
12 16 -0.00039849997
13 16 -0.0377181284
14 16 141.249283
15 16 1.07232843
16 16 11.778733
17 16 0.0360554028
18 16 -1.75626664
19 16 -0.860072554
20 16 0.994287014
21 16 0.326105301
22 16 3.90327745e-05
23 16 3.65400239e-05
24 16 -8.46420363e-06
7 17 0.0540448308
8 17 0.0170332355
9 17 0.00631879891
10 17 0.00113132659
11 17 -0.00367515959
12 17 0.000218695633
13 17 -141.214168
14 17 0.0377182356
15 17 17.652572
16 17 0.0360554028
17 17 11.8461741
18 17 0.26005013
19 17 -1.03485998
20 17 -0.966239079
21 17 0.224599762
22 17 -3.63234036e-05
23 17 4.21065241e-05
24 17 1.3781354e-05
7 18 -0.00172278237
8 18 0.00145154916
9 18 -0.000246521159
10 18 9.64113338e-05
11 18 0.000117135199
12 18 8.48136978e-06
13 18 -1.0705648
14 18 -17.6555976
15 18 -1.14151752e-07
16 18 -1.75626664
17 18 0.26005013
18 18 2.34579183
19 18 0.0714602093
20 18 -0.243420581
21 18 -0.0395699763
22 18 -9.43656844e-06
23 18 -3.17414778e-06
24 18 2.48502771e-06
13 19 8.86576911
14 19 -7.40153846
15 19 -2.12562533
16 19 -0.860072554
17 19 -1.03485998
18 19 0.0714602093
19 19 209620.098
20 19 2813.48613
21 19 26238.1924
22 19 0.21457152
23 19 -2502.75647
24 19 26.3223807
25 19 -15912.4812
26 19 -564.823591
27 19 146.377405
28 19 -1.01500831
29 19 28.3991058
30 19 -0.800699547
13 20 8.49431435
14 20 8.80537317
15 20 -0.8474488
16 20 0.994287014
17 20 -0.966239079
18 20 -0.243420581
19 20 2813.48613
20 20 227378.386
21 20 1588.85411
22 20 2504.76528
23 20 -0.221382856
24 20 587.897244
25 20 494.811016
26 20 -16227.6983
27 20 457.002142
28 20 -28.9805154
29 20 -0.877006056
30 20 0.254900182
13 21 -1.90739682
14 21 2.82568063
15 21 0.549487215
16 21 0.326105301
17 21 0.224599762
18 21 -0.0395699763
19 21 26238.1924
20 21 1588.85411
21 21 17477.5289
22 21 -26.2517122
23 21 -587.208465
24 21 0.00681133652
25 21 -3415.01017
26 21 193.76814
27 21 -8.63526153
28 21 0.345657337
29 21 6.0885202
30 21 -0.175973427
13 22 0.000319521864
14 22 0.000345487707
15 22 -3.08104188e-05
16 22 3.90327745e-05
17 22 -3.63234036e-05
18 22 -9.43656844e-06
19 22 0.21457152
20 22 2504.76528
21 22 -26.2517122
22 22 37.2329219
23 22 0.15196522
24 22 8.08305388
25 22 8.28971324
26 22 -235.765531
27 22 6.63612041
28 22 -0.421105243
29 22 -0.0146935263
30 22 0.00403047456
13 23 -0.000360545076
14 23 0.000314666424
15 23 8.74653125e-05
16 23 3.65400239e-05
17 23 4.21065241e-05
18 23 -3.17414778e-06
19 23 -2502.75647
20 23 -0.221382856
21 23 -587.208465
22 23 0.15196522
23 23 39.3822358
24 23 -0.352872818
25 23 242.195608
26 23 7.51833297
27 23 -2.16937005
28 23 0.0135292769
29 23 -0.432269874
30 23 0.0121909032
13 24 -0.000120465077
14 24 -7.55974161e-05
15 24 1.57044439e-05
16 24 -8.46420363e-06
17 24 1.3781354e-05
18 24 2.48502771e-06
19 24 26.3223807
20 24 587.897244
21 24 0.00681133652
22 24 8.08305388
23 24 -0.352872818
24 24 4.52970125
25 24 -3.05459611
26 24 -49.8556908
27 24 1.4411676
28 24 -0.0889755794
29 24 0.00544386031
30 24 -0.000182271541
19 25 -15912.4812
20 25 494.811016
21 25 -3415.01017
22 25 8.28971324
23 25 242.195608
24 25 -3.05459611
25 25 1227793.91
26 25 -2939.55373
27 25 -45622.577
28 25 -1.94747011
29 25 -2249.97984
30 25 75.2604123
31 25 -0.727052613
32 25 -0.222357794
33 25 -0.0270004772
34 25 2.36040875e-05
35 25 -7.70188845e-05
36 25 -2.05506087e-08
19 26 -564.823591
20 26 -16227.6983
21 26 193.76814
22 26 -235.765531
23 26 7.51833297
24 26 -49.8556908
25 26 -2939.55373
26 26 1227467.79
27 26 -45171.8524
28 26 2249.00538
29 26 2.01108747
30 26 -58.0412892
31 26 0.362895284
32 26 -0.924374419
33 26 0.00241196208
34 26 9.76252444e-05
35 26 3.83285618e-05
36 26 3.65944585e-06
19 27 146.377405
20 27 457.002142
21 27 -8.63526153
22 27 6.63612041
23 27 -2.16937005
24 27 1.4411676
25 27 -45622.577
26 27 -45171.8524
27 27 5123.79697
