# name: debug
# type: sparse matrix
# nnz: 792
# rows: 48
# columns: 48

1 1 2088220.11
2 1 -4285.22858
3 1 40181.767
4 1 -0.576098756
5 1 -3683.61855
6 1 -240.556543
7 1 -7309.47332
8 1 116.211883
9 1 -454.541715
10 1 0.0491710648
11 1 3.46639949
12 1 0.0950212665
1 2 -4285.22858
2 2 2121506.75
3 2 23589.789
4 2 3688.04126
5 2 0.576964809
6 2 1042.48785
7 2 -48.3630191
8 2 -7410.59206
9 2 -199.161725
10 2 -3.50306758
11 2 0.0287836337
12 2 -0.219045399
1 3 40181.767
2 3 23589.789
3 3 47388.2931
4 3 239.919987
5 3 -1039.88929
6 3 -0.000866053194
7 3 -949.706889
8 3 -210.48052
9 3 -73.4582077
10 3 -0.100150507
11 3 0.450238364
12 3 0.00564725412
1 4 -0.576098756
2 4 3688.04126
3 4 239.919987
4 4 99.3214219
5 4 -0.648212651
6 4 14.3246943
7 4 -1.32606433
8 4 -127.177808
9 4 -3.44730941
10 4 -0.060129598
11 4 0.000727504169
12 4 -0.00373344635
1 5 -3683.61855
2 5 0.576964809
3 5 -1039.88929
4 5 -0.648212651
5 5 107.099185
6 5 3.51009469
7 5 129.736433
8 5 -1.57698183
9 5 8.07697761
10 5 -0.000645001167
11 5 -0.0615346205
12 5 -0.00166595282
1 6 -240.556543
2 6 1042.48785
3 6 -0.000866053194
4 6 14.3246943
5 6 3.51009469
6 6 13.0543314
7 6 3.60040159
8 6 -15.7588116
9 6 -0.190992844
10 6 -0.00743659725
11 6 -0.00169162987
12 6 -0.000570157524
1 7 -7309.47332
2 7 -48.3630191
3 7 -949.706889
4 7 -1.32606433
5 7 129.736433
6 7 3.60040159
7 7 303867.548
8 7 -1064.89475
9 7 20533.4703
10 7 -0.231360803
11 7 -931.92884
12 7 3.75573943
13 7 -398.270535
14 7 124.694107
15 7 10.6315175
16 7 0.0168748436
17 7 0.0540448308
18 7 -0.00172278237
1 8 116.211883
2 8 -7410.59206
3 8 -210.48052
4 8 -127.177808
5 8 -1.57698183
6 8 -15.7588116
7 8 -1064.89475
8 8 306475.898
9 8 7574.41731
10 8 932.406036
11 8 0.231362844
12 8 160.873195
13 8 -125.207466
14 8 -400.882048
15 8 12.7801691
16 8 -0.0543878623
17 8 0.0170332355
18 8 0.00145154916
1 9 -454.541715
2 9 -199.161725
3 9 -73.4582077
4 9 -3.44730941
5 9 8.07697761
6 9 -0.190992844
7 9 20533.4703
8 9 7574.41731
9 9 2358.19868
10 9 -3.77415826
11 9 -160.819294
12 9 -2.03936205e-06
13 9 -46.5762023
14 9 24.5284977
15 9 1.01263836
16 9 0.00332251297
17 9 0.00631879891
18 9 -0.000246521159
1 10 0.0491710648
2 10 -3.50306758
3 10 -0.100150507
4 10 -0.060129598
5 10 -0.000645001167
6 10 -0.00743659725
7 10 -0.231360803
8 10 932.406036
9 10 -3.77415826
10 10 52.0791981
11 10 -0.397754943
12 10 8.77685615
13 10 -8.31608527
14 10 -26.6126547
15 10 0.848617007
16 10 -0.00361056756
17 10 0.00113132659
18 10 9.64113338e-05
1 11 3.46639949
2 11 0.0287836337
3 11 0.450238364
4 11 0.000727504169
5 11 -0.0615346205
6 11 -0.00169162987
7 11 -931.92884
8 11 0.231362844
9 11 -160.819294
10 11 -0.397754943
11 11 54.8208368
12 11 -0.715213691
13 11 27.0831378
14 11 -8.47424389
15 11 -0.723212194
16 11 -0.00114681971
17 11 -0.00367515959
18 11 0.000117135199
1 12 0.0950212665
2 12 -0.219045399
3 12 0.00564725412
4 12 -0.00373344635
5 12 -0.00166595282
6 12 -0.000570157524
7 12 3.75573943
8 12 160.873195
9 12 -2.03936205e-06
10 12 8.77685615
11 12 -0.715213691
12 12 5.66243188
13 12 -1.6092094
14 12 -2.93694181
15 12 0.116767849
16 12 -0.00039849997
17 12 0.000218695633
18 12 8.48136978e-06
7 13 -398.270535
8 13 -125.207466
9 13 -46.5762023
10 13 -8.31608527
11 13 27.0831378
12 13 -1.6092094
13 13 387052.993
14 13 -554.403523
15 13 -13098.4526
16 13 -0.0377181284
17 13 -141.214168
18 13 -1.0705648
19 13 8.86576911
20 13 8.49431435
21 13 -1.90739682
22 13 0.000319521864
23 13 -0.000360545076
24 13 -0.000120465077
7 14 124.694107
8 14 -400.882048
9 14 24.5284977
10 14 -26.6126547
11 14 -8.47424389
12 14 -2.93694181
13 14 -554.403523
14 14 387574.197
15 14 -8261.67556
16 14 141.249283
17 14 0.0377182356
18 14 -17.6555976
19 14 -7.40153846
20 14 8.80537317
21 14 2.82568063
22 14 0.000345487707
23 14 0.000314666424
24 14 -7.55974161e-05
7 15 10.6315175
8 15 12.7801691
9 15 1.01263836
10 15 0.848617007
11 15 -0.723212194
12 15 0.116767849
13 15 -13098.4526
14 15 -8261.67556
15 15 661.608731
16 15 1.07232843
17 15 17.652572
18 15 -1.14151752e-07
19 15 -2.12562533
20 15 -0.8474488
21 15 0.549487215
22 15 -3.08104188e-05
23 15 8.74653125e-05
24 15 1.57044439e-05
7 16 0.0168748436
8 16 -0.0543878623
9 16 0.00332251297
10 16 -0.00361056756
11 16 -0.00114681971
12 16 -0.00039849997
13 16 -0.0377181284
14 16 141.249283
15 16 1.07232843
16 16 11.778733
17 16 0.0360554028
18 16 -1.75626664
19 16 -0.860072554
20 16 0.994287014
21 16 0.326105301
22 16 3.90327745e-05
23 16 3.65400239e-05
24 16 -8.46420363e-06
7 17 0.0540448308
8 17 0.0170332355
9 17 0.00631879891
10 17 0.00113132659
11 17 -0.00367515959
12 17 0.000218695633
13 17 -141.214168
14 17 0.0377182356
15 17 17.652572
16 17 0.0360554028
17 17 11.8461741
18 17 0.26005013
19 17 -1.03485998
20 17 -0.966239079
21 17 0.224599762
22 17 -3.63234036e-05
23 17 4.21065241e-05
24 17 1.3781354e-05
7 18 -0.00172278237
8 18 0.00145154916
9 18 -0.000246521159
10 18 9.64113338e-05
11 18 0.000117135199
12 18 8.48136978e-06
13 18 -1.0705648
14 18 -17.6555976
15 18 -1.14151752e-07
16 18 -1.75626664
17 18 0.26005013
18 18 2.34579183
19 18 0.0714602093
20 18 -0.243420581
21 18 -0.0395699763
22 18 -9.43656844e-06
23 18 -3.17414778e-06
24 18 2.48502771e-06
13 19 8.86576911
14 19 -7.40153846
15 19 -2.12562533
16 19 -0.860072554
17 19 -1.03485998
18 19 0.0714602093
19 19 209620.098
20 19 2813.48613
21 19 26238.1924
22 19 0.21457152
23 19 -2502.75647
24 19 26.3223807
25 19 -15912.4812
26 19 -564.823591
27 19 146.377405
28 19 -1.01500831
29 19 28.3991058
30 19 -0.800699547
13 20 8.49431435
14 20 8.80537317
15 20 -0.8474488
16 20 0.994287014
17 20 -0.966239079
18 20 -0.243420581
19 20 2813.48613
20 20 227378.386
21 20 1588.85411
22 20 2504.76528
23 20 -0.221382856
24 20 587.897244
25 20 494.811016
26 20 -16227.6983
27 20 457.002142
28 20 -28.9805154
29 20 -0.877006056
30 20 0.254900182
13 21 -1.90739682
14 21 2.82568063
15 21 0.549487215
16 21 0.326105301
17 21 0.224599762
18 21 -0.0395699763
19 21 26238.1924
20 21 1588.85411
21 21 17477.5289
22 21 -26.2517122
23 21 -587.208465
24 21 0.00681133652
25 21 -3415.01017
26 21 193.76814
27 21 -8.63526153
28 21 0.345657337
29 21 6.0885202
30 21 -0.175973427
13 22 0.000319521864
14 22 0.000345487707
15 22 -3.08104188e-05
16 22 3.90327745e-05
17 22 -3.63234036e-05
18 22 -9.43656844e-06
19 22 0.21457152
20 22 2504.76528
21 22 -26.2517122
22 22 37.2329219
23 22 0.15196522
24 22 8.08305388
25 22 8.28971324
26 22 -235.765531
27 22 6.63612041
28 22 -0.421105243
29 22 -0.0146935263
30 22 0.00403047456
13 23 -0.000360545076
14 23 0.000314666424
15 23 8.74653125e-05
16 23 3.65400239e-05
17 23 4.21065241e-05
18 23 -3.17414778e-06
19 23 -2502.75647
20 23 -0.221382856
21 23 -587.208465
22 23 0.15196522
23 23 39.3822358
24 23 -0.352872818
25 23 242.195608
26 23 7.51833297
27 23 -2.16937005
28 23 0.0135292769
29 23 -0.432269874
30 23 0.0121909032
13 24 -0.000120465077
14 24 -7.55974161e-05
15 24 1.57044439e-05
16 24 -8.46420363e-06
17 24 1.3781354e-05
18 24 2.48502771e-06
19 24 26.3223807
20 24 587.897244
21 24 0.00681133652
22 24 8.08305388
23 24 -0.352872818
24 24 4.52970125
25 24 -3.05459611
26 24 -49.8556908
27 24 1.4411676
28 24 -0.0889755794
29 24 0.00544386031
30 24 -0.000182271541
19 25 -15912.4812
20 25 494.811016
21 25 -3415.01017
22 25 8.28971324
23 25 242.195608
24 25 -3.05459611
25 25 1227793.91
26 25 -2939.55373
27 25 -45622.577
28 25 -1.94747011
29 25 -2249.97984
30 25 75.2604123
31 25 -0.727052613
32 25 -0.222357794
33 25 -0.0270004772
34 25 2.36040875e-05
35 25 -7.70188845e-05
36 25 -2.05506087e-08
19 26 -564.823591
20 26 -16227.6983
21 26 193.76814
22 26 -235.765531
23 26 7.51833297
24 26 -49.8556908
25 26 -2939.55373
26 26 1227467.79
27 26 -45171.8524
28 26 2249.00538
29 26 2.01108747
30 26 -58.0412892
31 26 0.362895284
32 26 -0.924374419
33 26 0.00241196208
34 26 9.76252444e-05
35 26 3.83285618e-05
36 26 3.65944585e-06
19 27 146.377405
20 27 457.002142
21 27 -8.63526153
22 27 6.63612041
23 27 -2.16937005
24 27 1.4411676
25 27 -45622.577
26 27 -45171.8524
27 27 5123.79697
28 27 -74.908094
29 27 57.687941
30 27 -0.00157308006
31 27 -2.6923565
32 27 -1.75789681
33 27 -0.103030981
34 27 0.000184565088
35 27 -0.000282867378
36 27 3.22096679e-06
19 28 -1.01500831
20 28 -28.9805154
21 28 0.345657337
22 28 -0.421105243
23 28 0.0135292769
24 28 -0.0889755794
25 28 -1.94747011
26 28 2249.00538
27 28 -74.908094
28 28 -31.5681823
29 28 -8.68038627
30 28 -0.64869374
31 28 8.12905235
32 28 -21.5242507
33 28 0.0570146977
34 28 0.00225688755
35 28 0.00085256662
36 28 7.98424406e-05
19 29 28.3991058
20 29 -0.877006056
21 29 6.0885202
22 29 -0.0146935263
23 29 -0.432269874
24 29 0.00544386031
25 29 -2249.97984
26 29 2.01108747
27 29 57.687941
28 29 -8.68038627
29 29 48.2773718
30 29 -3.28702703
31 29 21.6954254
32 29 8.35925541
33 29 0.769087719
34 29 -0.000877277016
35 29 0.00227746551
36 29 -6.57939103e-06
19 30 -0.800699547
20 30 0.254900182
21 30 -0.175973427
22 30 0.00403047456
23 30 0.0121909032
24 30 -0.000182271541
25 30 75.2604123
26 30 -58.0412892
27 30 -0.00157308006
28 30 -0.64869374
29 30 -3.28702703
30 30 4.25162829
31 30 0.922571483
32 30 -2.21273611
33 30 0.00862940645
34 30 0.000232036188
35 30 9.67828232e-05
36 30 8.30138463e-06
25 31 -0.727052613
26 31 0.362895284
27 31 -2.6923565
28 31 8.12905235
29 31 21.6954254
30 31 0.922571483
31 31 250768.169
32 31 -135.262946
33 31 8338.35988
34 31 0.00822487254
35 31 -272.982992
36 31 6.06060314
37 31 191.410912
38 31 62.9873675
39 31 0.491500637
40 31 -0.0145895261
41 31 0.044332521
42 31 0.000403186378
25 32 -0.222357794
26 32 -0.924374419
27 32 -1.75789681
28 32 -21.5242507
29 32 8.35925541
30 32 -2.21273611
31 32 -135.262946
32 32 251296.154
33 32 2255.7696
34 32 272.961181
35 32 -0.0082217004
36 32 44.0075312
37 32 -63.4843761
38 32 193.702329
39 32 1.76157711
40 32 -0.0448670355
41 32 -0.0147037728
42 32 -0.000114473638
25 33 -0.0270004772
26 33 0.00241196208
27 33 -0.103030981
28 33 0.0570146977
29 33 0.769087719
30 33 0.00862940645
31 33 8338.35988
32 33 2255.7696
33 33 415.624931
34 33 -6.06020231
35 33 -44.0075221
36 33 -3.16743781e-06
37 33 32.0914184
38 33 7.41524582
39 33 0.0464198218
40 33 -0.00171746812
41 33 0.00743360093
42 33 6.7320029e-05
25 34 2.36040875e-05
26 34 9.76252444e-05
27 34 0.000184565088
28 34 0.00225688755
29 34 -0.000877277016
30 34 0.000232036188
31 34 0.00822487254
32 34 272.961181
33 34 -6.06020231
34 34 33.6394648
35 34 0.0573370994
36 34 4.24993937
37 34 -6.67473863
38 34 20.3266409
39 34 0.184689309
40 34 -0.00470803879
41 34 -0.00154589685
42 34 -1.21644689e-05
25 35 -7.70188845e-05
26 35 3.83285618e-05
27 35 -0.000282867378
28 35 0.00085256662
29 35 0.00227746551
30 35 9.67828232e-05
31 35 -272.982992
32 35 -0.0082217004
33 35 -44.0075221
34 35 0.0573370994
35 35 34.1746932
36 35 -0.44896049
37 35 -20.5582987
38 35 -6.74150521
39 35 -0.0529006034
40 35 0.00156144582
41 35 -0.00476132462
42 35 -4.32555362e-05
25 36 -2.05506087e-08
26 36 3.65944585e-06
27 36 3.22096679e-06
28 36 7.98424406e-05
29 36 -6.57939103e-06
30 36 8.30138463e-06
31 36 6.06060314
32 36 44.0075312
33 36 -3.16743781e-06
34 36 4.24993937
35 36 -0.44896049
36 36 3.14405185
37 36 -0.806102463
38 36 3.1947325
39 36 0.0289363199
40 36 -0.000740061263
41 36 -0.000186690698
42 36 -1.21325002e-06
31 37 191.410912
32 37 -63.4843761
33 37 32.0914184
34 37 -6.67473863
35 37 -20.5582987
36 37 -0.806102463
37 37 242348.129
38 37 -57.0303475
39 37 1197.3004
40 37 -0.00291547422
41 37 -307.064972
42 37 -4.63410676
43 37 -404.083752
44 37 54.3120138
45 37 -25.3535309
46 37 -0.0129796819
47 37 -0.0979836407
48 37 -0.00303629061
31 38 62.9873675
32 38 193.702329
33 38 7.41524582
34 38 20.3266409
35 38 -6.74150521
36 38 3.1947325
37 38 -57.0303475
38 38 242638.66
39 38 2261.70378
40 38 307.080257
41 38 0.00287643195
42 38 67.1564143
43 38 -61.1199442
44 38 -380.216588
45 38 -12.4875362
46 38 0.0918896038
47 38 -0.0149577825
48 38 0.00570787945
31 39 0.491500637
32 39 1.76157711
33 39 0.0464198218
34 39 0.184689309
35 39 -0.0529006034
36 39 0.0289363199
37 39 1197.3004
38 39 2261.70378
39 39 446.317195
40 39 4.63215377
41 39 -67.1474557
42 39 3.90463347e-05
43 39 -61.0196963
44 39 3.30164179
45 39 -3.94224465
46 39 -0.000776621535
47 39 -0.0148076152
48 39 -0.000380470034
31 40 -0.0145895261
32 40 -0.0448670355
33 40 -0.00171746812
34 40 -0.00470803879
35 40 0.00156144582
36 40 -0.000740061263
37 40 -0.00291547422
38 40 307.080257
39 40 4.63215377
40 40 28.5860023
41 40 -0.035559486
42 40 3.90875779
43 40 -5.22634248
44 40 -31.8015224
45 40 -1.05257185
46 40 0.00768335122
47 40 -0.00127844735
48 40 0.000476780059
31 41 0.044332521
32 41 -0.0147037728
33 41 0.00743360093
34 41 -0.00154589685
35 41 -0.00476132462
36 41 -0.000186690698
37 41 -307.064972
38 41 0.00287643195
39 41 -67.1474557
40 41 -0.035559486
41 41 29.1857243
42 41 0.356233247
43 41 34.763135
44 41 -4.69223027
45 41 2.18142191
46 41 0.00112102151
47 41 0.00842725564
48 41 0.000261595776
31 42 0.000403186378
32 42 -0.000114473638
33 42 6.7320029e-05
34 42 -1.21644689e-05
35 42 -4.32555362e-05
36 42 -1.21325002e-06
37 42 -4.63410676
38 42 67.1564143
39 42 3.90463347e-05
40 42 3.90875779
41 42 0.356233247
42 42 2.81030948
43 42 -0.112312131
44 42 -4.37227768
45 42 -0.104564967
46 42 0.00105654897
47 42 -2.89177663e-05
48 42 6.89463314e-05
37 43 -404.083752
38 43 -61.1199442
39 43 -61.0196963
40 43 -5.22634248
41 43 34.763135
42 43 -0.112312131
43 43 180386.9
44 43 -529.690481
45 43 11853.12
46 43 0.0640403502
47 43 43.7345318
48 43 0.97979854
37 44 54.3120138
38 44 -380.216588
39 44 3.30164179
40 44 -31.8015224
41 44 -4.69223027
42 44 -4.37227768
43 44 -529.690481
44 44 181753.228
45 44 4019.49569
46 44 -43.8978085
47 44 -0.0640459889
48 44 -2.8888298
37 45 -25.3535309
38 45 -12.4875362
39 45 -3.94224465
40 45 -1.05257185
41 45 2.18142191
42 45 -0.104564967
43 45 11853.12
44 45 4019.49569
45 45 871.04871
46 45 -0.975015891
47 45 2.87523267
48 45 5.63874999e-06
37 46 -0.0129796819
38 46 0.0918896038
39 46 -0.000776621535
40 46 0.00768335122
41 46 0.00112102151
42 46 0.00105654897
43 46 0.0640403502
44 46 -43.8978085
45 46 -0.975015891
46 46 1.74135628
47 46 -2.23256098e-08
48 46 0.000697384877
37 47 -0.0979836407
38 47 -0.0149577825
39 47 -0.0148076152
40 47 -0.00127844735
41 47 0.00842725564
42 47 -2.89177663e-05
43 47 43.7345318
44 47 -0.0640459889
45 47 2.87523267
46 47 -2.23256098e-08
47 47 1.74135727
48 47 0.000236530474
37 48 -0.00303629061
38 48 0.00570787945
39 48 -0.000380470034
40 48 0.000476780059
41 48 0.000261595776
42 48 6.89463314e-05
43 48 0.97979854
44 48 -2.8888298
45 48 5.63874999e-06
46 48 0.000697384877
47 48 0.000236530474
48 48 1.73080491
